1585 247 148
891
764 2313
1221 3912
1147 9728
678 6976
512 5641
1156 592
1557 5318
1558 9822
1100 2755
489 5658
353 6299
1034 9509
1007 6396
1027 6934
1286 2105
138 7771
1324 1455
166 9149
561 2730
1108 7464
391 7288
633 521
1553 3950
1432 7368
11 3066
22 2376
1019 2793
1149 1085
55 5513
414 7325
823 2018
1418 8330
1180 2449
163 8143
1250 5477
318 7561
1105 3181
28 7528
1418 1857
1289 3318
464 1313
676 6247
1284 9931
1281 882
342 7793
1163 3855
249 7721
958 1809
887 5303
180 1190
20 4248
1133 8476
295 1648
741 358
534 3047
481 576
1026 4032
218 2655
307 410
749 6157
53 634
1346 8435
355 1560
492 2471
1186 2009
544 5993
1554 3693
457 2441
1440 9162
379 5163
15 9897
359 7533
265 8671
1039 1624
1553 6991
875 6885
538 7885
586 5922
397 5942
1485 2837
1239 1007
960 2129
177 2987
762 2711
693 6945
984 9966
525 7613
1013 3605
605 1894
60 585
708 6336
1121 9603
175 5379
365 275
272 3339
1560 1987
1389 9953
908 2117
859 2442
184 6334
140 2671
1394 199
1191 4237
1265 9234
903 2349
409 6074
934 2406
872 9102
604 5394
1537 1167
1106 4591
839 4488
1084 183
732 4814
695 5202
938 5847
975 3226
226 8704
789 7871
948 8650
1102 2364
238 7572
191 9226
920 1199
887 6659
479 4606
318 602
1344 8700
1357 3321
152 2019
1182 1707
217 3114
1222 1947
720 190
1311 2221
117 1573
747 6252
1331 6431
245 1955
792 9965
1274 7119
1455 6775
217 644
1356 1240
759 3600
840 173
694 3533
974 9950
679 4155
1140 2316
141 9357
1422 7052
564 4771
1487 4178
338 3048
930 8802
1517 9469
1577 8498
1181 1285
1459 5284
1107 8306
1571 3123
1418 2320
142 268
1228 1617
1206 4608
1544 5881
405 6854
787 7898
555 4214
845 3331
604 3827
1558 1780
500 776
1457 7462
77 9495
55 2873
2 6590
831 9773
820 7932
284 9780
1005 8466
1016 6760
947 6540
752 4826
1328 4578
1199 923
1487 4954
847 5182
329 945
1021 1405
209 3562
701 4715
1485 934
319 5962
1175 6133
1504 1614
994 8235
1427 2562
1408 2694
1473 3961
131 6255
383 5080
1411 3119
16 1714
864 4820
1578 6483
425 3733
397 466
652 2226
225 3792
286 9087
319 3766
909 130
1139 3919
1156 5691
1392 7393
991 2100
1189 2354
704 281
1375 7096
785 1786
623 6129
203 1743
253 8740
1510 2875
1037 6232
1314 3731
673 2100
854 545
47 7063
871 1396
133 9193
475 4074
218 2129
605 9425
502 4568
36 9707
548 3837
1520 7584
487 6299
1509 2696
124 4616
907 6329
1359 6160
804 2205
368 5522
64 2232
1078 2648
174 5385
1444 2157
500 4559
892 3818
1200 14
1218 4241
336 3345
322 7422
639 1682
245 7578
1281 8632
1167 3010
17 9089
108 3960
1240 8880
877 264
465 40
78 3022
779 7946
490 8214
799 9851
960 6499
1442 1066
663 69
1341 1696
640 4885
411 8953
172 626
691 3202
94 9873
887 276
1025 5456
1100 7760
381 2604
571 8410
310 5876
1463 5467
918 8141
544 6578
429 6951
1079 4779
6 3600
163 1091
1115 8968
243 571
1195 8053
1253 9147
1035 1928
23 7368
827 2687
412 264
74 5836
545 3286
701 2294
992 2274
716 8926
1445 2075
1437 3621
239 5407
502 7212
25 5250
173 1660
58 2013
418 1528
297 633
127 6815
165 4380
1086 1878
1413 4371
1052 9382
1307 497
141 7137
1230 439
1248 5979
168 4981
1268 8215
765 2543
763 6687
189 883
1550 856
108 1194
1201 9669
1104 4349
1577 7003
1562 4427
779 8197
329 8456
486 872
91 296
548 6234
886 9452
701 6815
886 6859
413 1956
199 8789
471 2960
582 100
1274 8759
1155 324
1459 5121
1434 9333
1314 7595
482 3311
561 1404
132 7781
1187 8314
976 2252
1434 7069
765 7246
476 1893
545 8090
1334 7336
640 271
881 1663
743 6249
836 7665
251 4074
74 4800
749 6013
262 1987
1249 3671
804 8979
32 9534
850 2250
1147 159
671 8216
1504 1099
370 2696
1058 4802
1198 1555
116 8787
309 6980
278 6577
858 7100
1123 1306
172 2326
1530 613
848 5053
1132 6778
1277 9308
1557 6695
958 1015
15 6687
836 2505
995 1429
778 4445
930 1162
1165 7392
979 3875
187 1847
333 2191
379 8573
1015 1432
238 1728
253 4951
884 4413
806 893
258 5976
1349 4751
1330 5601
877 8065
988 1940
1000 391
1124 2447
505 5944
468 7529
96 2692
75 3329
1199 823
118 7028
219 6046
1102 1252
1237 3130
1298 8853
505 3443
1046 1113
1094 8958
76 5711
1135 6210
579 4904
1138 4631
1581 9930
375 5088
133 3944
1275 891
96 9042
910 5847
291 6120
1401 3957
22 5461
324 7474
1448 4618
727 1300
1187 264
1471 2146
112 8434
1364 6425
1374 435
457 988
1424 4220
803 3916
1509 1456
541 1161
1164 1139
619 1335
1526 9984
798 7044
830 5370
312 6921
679 1238
880 1056
310 6999
936 7989
512 3258
541 7487
852 1635
1295 4049
492 791
1314 7052
1184 1036
259 7864
363 2206
159 3379
354 1843
257 5064
803 8801
730 211
1354 2702
1158 7860
698 8216
1148 9938
74 1191
374 7315
157 9168
99 9609
1175 827
473 783
733 9207
1214 1492
684 7260
1241 9607
780 8721
133 7284
950 9631
438 4749
116 5190
1038 7485
1337 3263
1378 5449
1089 6001
329 8712
377 6440
597 4741
50 3667
357 7426
1490 2988
1241 6302
380 5134
1192 1594
1057 3858
1311 9241
759 2426
475 3063
249 1282
1577 9292
751 1844
107 2496
895 5787
1518 9025
36 3866
538 2706
1550 685
90 3847
106 6704
1084 94
564 5135
1339 9328
410 2702
1035 5097
834 4058
788 4323
1503 7311
1523 2890
1072 5996
237 332
474 8148
470 8191
231 150
658 2807
1007 5999
1561 9688
1126 2430
624 409
165 2697
1045 8570
477 686
187 8967
10 5852
1239 77
37 643
362 2765
108 3225
177 223
758 8703
441 1160
17 115
1031 3839
831 6695
1127 9757
769 3618
738 3955
226 8406
1414 752
1399 3746
1 2498
84 2520
717 2301
1491 3105
595 3402
514 1808
873 1522
58 4517
989 1500
439 2563
519 4819
1333 7811
1258 5515
1319 9210
1036 7381
446 2873
1543 7921
1528 868
1486 2323
982 165
1491 4426
835 9681
1176 1149
834 7499
581 950
311 6648
1498 451
121 7683
901 8539
342 1538
1430 1199
391 7945
1505 6833
22 4141
1044 856
830 9611
1370 7172
385 1754
943 7472
207 191
357 422
406 2015
1382 615
197 5706
1547 6570
1302 278
492 9189
955 3738
105 6282
328 5548
313 1636
161 3949
640 4850
693 3907
1126 2563
747 3783
1286 243
188 945
437 9445
18 5488
148 2481
975 5070
150 5744
1313 6164
54 1574
373 6442
579 6430
425 9585
1213 1692
614 1237
1061 367
1502 605
992 6230
898 2164
1469 8485
1255 5165
311 6328
1482 6467
1212 2663
1378 8431
223 9034
1445 5693
331 1023
1437 7457
73 186
780 8054
260 5004
1070 279
1083 2455
111 6386
726 3920
1469 1241
1309 262
878 9771
502 851
1109 6579
1389 6017
1169 319
1496 4766
86 4100
1356 1075
832 2351
874 5233
277 5263
1006 9549
747 769
666 3806
1531 5820
654 7460
388 1199
59 9691
610 2248
984 896
432 391
132 7188
139 4417
109 1663
505 6873
577 7223
1579 9148
1026 3632
1167 1691
351 9142
777 1071
930 1049
1426 4488
1204 9368
529 2678
1111 306
1306 8588
1077 5224
756 610
213 279
1216 8042
79 1781
246 7285
736 7386
322 1975
1391 33
767 9224
384 9022
1250 7052
1369 8546
75 5174
1524 205
119 5112
37 451
58 478
1116 7971
315 4268
1452 1588
1008 8932
1133 1744
428 6429
1008 2294
1030 6416
258 9322
876 9989
434 2224
183 2638
213 2041
1312 9378
410 9085
1156 4653
10 7882
1492 405
898 5035
912 640
964 8669
37 6309
1451 2542
741 544
30 6454
422 1914
1414 1115
253 8040
339 2751
316 4482
220 4749
778 2135
1334 8645
1202 527
1224 6851
1215 7329
380 8375
566 6551
679 8640
116 638
1085 3178
1098 7890
671 5034
326 9946
134 5831
676 5504
1525 8476
1140 6452
842 4379
750 7921
1445 1940
740 1215
1436 4870
262 2379
686 4789
108 5796
1062 8813
47 3895
1363 1206
1577 2526
1318 1336
191 3972
1499 401
1339 2268
540 1301
1535 9554
354 2613
935 114
861 5955
734 1625
566 5365
132 713
499 8168
846 656
587 1494
1070 10
779 9275
1509 630
760 9141
22 1543
1173 1114
797 7148
1367 3055
1312 210
359 2150
917 7945
472 9383
1236 148
843 4306
1326 885
159 7939
174 2232
380 6215
542 5438
1474 6879
238 7373
1229 1011
1217 8870
348 4857
936 4984
466 6070
1523 371
1324 499
948 7231
1285 9620
1495 8206
1079 4453
992 1855
914 2517
627 4804
738 5976
825 151
603 280
1314 9336
856 9788
598 6282
54 283
192 9919
1242 2546
605 2385
346 1989
1057 8227
1050 2355
1324 1607
821 1261
43 4353
367 8968
1265 3099
1097 928
200 2378
1077 1487
546 481
1386 6687
997 6821
890 8460
7 7170
34 7550
1301 3004
817 7605
1290 5351
1037 4854
1231 1691
867 7494
686 7810
1261 5988
347 1044
553 5467
677 630
311 9895
681 526
211 4121
88 7674
596 1766
442 6577
900 3573
1155 4249
1234 1192
1573 5339
36 3370
838 3173
1552 5051
1060 4830
877 2952
1030 1535
421 3854
340 2464
510 47
346 1121
1114 5590
553 6666
107 1032
1134 2292
1499 1965
631 8570
1195 3053
1043 1978
666 5966
746 7985
1241 1501
1101 9142
937
1 678
1 293
2
1 695
1 568
1 888
2
1 176
1 319
2
2
1 54
1 390
1 423
1 567
1 474
2
1 316
1 488
1 821
2
2
2
1 468
2
1 357
1 183
1 708
2
1 249
2
1 412
1 858
1 218
1 862
1 66
1 835
1 508
1 510
2
1 640
1 623
1 49
2
2
1 248
1 685
2
1 618
1 723
2
1 28
1 25
1 514
1 802
1 135
1 709
2
1 830
2
1 72
2
2
1 676
1 180
1 627
1 498
1 173
1 824
2
1 565
1 217
2
1 244
2
1 833
1 580
2
1 75
1 114
1 233
1 241
1 142
2
2
1 88
1 41
2
2
1 487
2
2
1 179
2
1 401
1 433
1 355
2
2
1 286
1 311
1 295
1 27
2
2
2
2
1 485
2
2
1 18
1 756
1 527
2
2
1 451
2
2
1 889
1 528
1 524
1 735
1 751
2
1 94
1 453
1 502
1 836
1 543
1 419
2
1 849
2
2
1 600
1 581
1 9
1 227
1 99
2
1 842
1 696
2
1 796
2
1 651
1 326
2
1 698
1 213
1 850
1 359
1 190
1 306
1 234
1 420
1 785
1 61
2
2
1 307
1 98
2
1 172
2
1 854
2
1 794
1 40
1 644
2
1 699
1 123
1 613
2
1 713
1 578
1 710
2
2
2
1 837
1 281
2
2
1 231
1 325
2
1 869
1 106
1 747
1 246
1 719
1 414
1 579
1 462
1 177
1 149
2
1 670
1 349
2
1 239
2
1 399
1 118
1 280
1 556
2
2
2
2
2
2
2
1 429
1 754
2
2
1 111
2
1 145
1 210
1 700
2
1 616
1 778
2
1 351
1 775
2
1 347
1 861
2
2
2
2
2
2
2
1 682
1 457
2
2
1 584
1 83
1 425
2
1 96
1 430
2
1 739
1 222
1 551
1 749
1 44
1 186
1 493
1 454
2
1 504
1 143
1 816
1 47
1 684
2
1 254
1 11
2
1 32
1 549
2
2
2
1 841
2
1 717
1 411
1 22
2
1 71
2
1 727
1 759
1 17
2
1 384
1 874
1 690
1 330
1 654
1 39
1 362
2
1 803
1 563
1 596
1 174
2
2
2
1 6
1 760
2
1 102
2
2
2
1 12
2
1 481
2
1 783
1 125
1 455
1 119
1 364
1 435
2
2
1 742
1 147
1 163
2
1 506
1 604
1 264
1 452
1 607
1 590
2
1 259
1 73
1 746
2
2
1 63
2
1 110
2
1 657
1 212
2
2
2
1 148
1 393
2
1 278
1 532
1 545
1 258
1 494
1 879
2
1 486
1 7
1 686
2
1 167
1 289
1 712
1 722
1 769
2
2
2
2
1 662
2
1 801
1 377
2
1 353
2
1 531
1 615
1 736
1 853
1 296
2
1 650
2
2
1 829
1 541
1 608
1 773
2
1 100
1 206
1 763
1 91
1 809
2
1 770
1 550
1 320
2
1 706
1 404
1 472
1 201
1 844
1 791
1 535
2
2
1 583
2
1 121
2
1 321
1 103
2
2
1 158
1 521
1 748
2
1 448
1 65
1 128
1 574
1 681
1 348
1 632
1 70
1 403
1 139
1 786
1 92
1 772
1 866
1 151
1 691
1 509
1 215
2
2
2
2
1 480
1 318
1 562
1 595
1 489
2
1 243
1 561
1 520
2
2
1 726
1 136
1 352
2
2
1 67
1 871
2
1 225
1 161
1 605
1 839
1 846
1 789
1 327
1 459
1 287
1 845
2
1 421
2
1 323
1 445
1 593
1 379
2
1 56
2
1 255
2
1 886
1 274
1 765
2
2
2
2
1 818
1 175
1 559
1 743
1 797
2
2
2
2
2
1 646
1 707
1 68
1 606
1 843
1 82
1 447
1 476
2
1 516
1 290
1 586
1 226
2
1 209
1 127
1 505
2
1 317
1 856
2
1 496
1 436
1 692
1 30
1 575
1 108
1 156
1 865
2
1 112
1 483
1 52
1 245
2
2
1 184
1 133
1 687
1 368
2
1 810
2
2
2
1 354
1 624
1 85
1 356
1 619
2
1 823
1 443
1 361
1 428
2
2
2
1 339
2
1 193
1 617
2
2
1 14
1 702
2
2
1 635
1 46
2
1 219
1 491
1 271
1 704
1 876
2
1 442
2
2
1 138
1 784
1 388
2
1 728
2
1 235
1 4
1 890
1 277
2
1 774
2
1 878
2
2
1 84
2
2
1 338
2
2
2
1 587
1 883
2
2
2
1 157
2
1 811
1 456
1 622
1 863
1 162
1 680
1 731
1 555
1 755
1 42
1 230
1 697
1 396
1 855
1 620
2
1 60
2
2
1 207
2
1 478
2
2
2
1 171
1 166
1 469
2
1 272
2
1 539
2
1 732
1 95
2
2
1 592
1 182
1 107
1 276
1 117
2
1 146
1 238
1 21
2
2
2
2
1 716
1 168
1 800
1 870
1 776
1 59
2
1 185
1 418
2
1 229
1 275
1 614
2
1 779
2
1 648
2
1 591
2
2
2
1 427
2
2
1 610
2
1 479
1 639
1 881
2
1 132
1 872
2
1 154
1 875
1 398
2
1 341
1 718
1 512
2
2
2
2
1 256
2
1 652
2
1 440
1 334
1 415
1 192
1 557
2
1 807
1 360
1 350
1 402
1 740
1 577
1 432
1 664
2
2
1 799
2
1 93
1 328
2
2
1 297
1 449
2
1 601
1 675
1 385
1 140
1 268
2
1 464
1 382
1 152
1 733
1 53
1 262
2
1 560
1 884
1 314
1 548
1 294
1 787
2
1 517
2
2
1 737
1 602
2
1 374
1 626
2
2
2
2
1 329
1 782
1 864
1 792
2
1 335
1 194
1 120
2
1 205
1 97
2
1 169
2
1 283
1 31
2
1 441
2
2
1 252
2
1 291
2
1 523
1 366
1 416
1 74
1 189
2
2
1 822
2
2
1 526
1 612
1 16
1 389
1 793
2
1 64
1 434
2
1 625
1 630
2
1 667
1 788
1 253
1 683
1 313
1 336
1 34
2
2
1 104
1 370
1 333
2
1 261
1 89
1 265
2
2
2
2
1 515
1 658
1 45
2
1 43
1 546
1 530
1 406
1 392
1 437
1 694
1 292
1 653
2
1 395
1 730
1 181
1 164
1 211
1 58
1 439
1 10
1 877
2
1 273
1 221
1 484
1 711
2
1 734
1 202
1 720
2
1 507
1 552
1 585
1 101
2
1 137
1 558
1 450
1 665
2
2
2
1 371
1 643
1 815
2
1 20
1 282
2
2
1 383
1 588
1 240
2
1 342
1 767
1 332
1 826
1 310
1 701
1 458
2
1 308
2
1 344
2
1 228
1 647
2
1 642
1 170
1 337
1 831
1 346
1 544
1 564
1 129
1 885
1 661
1 649
2
1 343
1 50
1 80
1 400
1 798
1 887
1 834
1 199
2
1 267
1 365
1 409
1 345
1 703
2
1 372
2
2
1 424
1 150
2